Copy the text into https://www.falstad.com/circuit/

$ 1 3.125e-7 10.20027730826997 51 5 50 5e-11
t 176 176 240 176 0 1 -8.862966891527446 -6.455345337063648 100 default
t 368 176 304 176 0 1 -7.2101986936105895 -4.8025771380775755 100 default
t 432 176 496 176 0 1 -7.210198692541372 -4.843037965381104 100 default
t 576 176 528 176 0 1 -4.902941332274321 -2.5357806040448345 100 default
t 544 320 512 320 0 1 -2.4667461312122594 -0.3749587003135295 100 default
t 208 320 256 320 0 1 -2.549295916580693 -0.49796931298549063 100 default
w 256 304 256 192 0
r 368 336 368 432 0 270
r 608 176 656 176 0 2200
r 608 208 656 208 0 2200
r 608 256 656 256 0 2200
r 544 320 656 320 0 2200
r 240 48 240 144 0 270
r 528 16 528 128 0 270
r 688 16 688 176 0 4700
w 528 16 240 16 0
w 688 16 528 16 0
r 688 208 688 256 0 3300
r 688 320 688 448 0 2200
w 656 320 688 320 0
w 688 256 688 320 0
w 656 256 688 256 0
w 656 208 688 208 0
w 688 176 688 208 0
w 656 176 688 176 0
w 608 176 576 176 0
w 608 208 400 208 0
w 400 208 400 176 0
w 608 256 144 256 0
w 144 256 144 320 0
w 496 144 496 160 0
w 304 160 304 128 0
c 176 176 112 176 0 0.000001 -4.496406680842407 0.001
c 16 320 -32 320 0 0.000001 -0.565560496083408 0.001
v 112 176 16 176 0 1 100000 0.1 0 0 0.5
v -32 320 -32 432 0 1 1000 0.1 0 0 0.5
c 752 176 752 208 0 0.000001 -0.44399318309480307 0.001
c 752 256 752 304 0 0.000001 -0.3749587048550589 0.001
c 352 208 352 224 0 0.00001 -2.751250533366622 0.001
g 368 432 368 464 0 0
g 688 448 688 480 0 0
g 352 224 352 240 0 0
g 752 304 752 320 0 0
g 16 176 -16 176 0 0
w 240 48 240 16 0
g -32 432 -32 464 0 0
w 352 208 400 208 0
w 752 176 688 176 0
w 752 256 688 256 0
v 240 16 240 -48 0 1 40 5 0 0 0.5
g 240 -48 240 -80 0 0
g 752 208 752 224 0 0
w 256 336 368 336 0
w 368 336 512 336 0
w 368 176 400 176 0
w 400 176 432 176 0
w 512 192 512 208 0
w 512 208 512 256 0
w 512 256 512 304 0
w 496 192 512 192 0
w 528 192 512 192 0
w 528 128 304 128 0
w 16 320 144 320 0
w 144 320 208 320 0
w 240 192 256 192 0
w 304 192 256 192 0
w 496 144 240 144 0
w 240 144 240 160 0
w 528 160 528 128 0
